9.174311926605505096e-03
2.752293577981651529e-02
3.669724770642202039e-02
9.174311926605505096e-02
1.009174311926605561e-01
1.100917431192660612e-01
1.743119266055045968e-01
1.834862385321101019e-01
1.926605504587156070e-01
2.293577981651376274e-01
2.110091743119266172e-01
2.293577981651376274e-01
2.293577981651376274e-01
2.477064220183486376e-01
2.385321100917431325e-01
2.385321100917431325e-01
2.477064220183486376e-01
2.935779816513761631e-01
3.027522935779816682e-01
2.385321100917431325e-01
3.027522935779816682e-01
3.486238532110091937e-01
3.577981651376146988e-01
3.577981651376146988e-01
3.486238532110091937e-01
3.486238532110091937e-01
4.128440366972477293e-01
4.128440366972477293e-01
4.587155963302752548e-01
4.128440366972477293e-01
4.403669724770642446e-01
3.944954128440367191e-01
4.495412844036697497e-01
4.220183486238532344e-01
4.311926605504587395e-01
4.495412844036697497e-01
4.678899082568807599e-01
4.770642201834862650e-01
4.954128440366972752e-01
4.770642201834862650e-01
4.403669724770642446e-01
5.045871559633027248e-01
4.311926605504587395e-01
4.954128440366972752e-01
5.137614678899082854e-01
4.587155963302752548e-01
5.137614678899082854e-01
5.596330275229357554e-01
5.137614678899082854e-01
5.504587155963303058e-01
5.137614678899082854e-01
6.055045871559633364e-01
5.779816513761467656e-01
5.412844036697247452e-01
6.055045871559633364e-01
5.871559633027523262e-01
5.596330275229357554e-01
5.412844036697247452e-01
6.238532110091743466e-01
6.972477064220183873e-01
6.238532110091743466e-01
6.055045871559633364e-01
6.238532110091743466e-01
6.880733944954128267e-01
5.504587155963303058e-01
6.605504587155963669e-01
6.238532110091743466e-01
6.146788990825687859e-01
5.963302752293577758e-01
7.247706422018348471e-01
6.788990825688073771e-01
6.605504587155963669e-01
6.605504587155963669e-01
6.697247706422018165e-01
6.880733944954128267e-01
6.605504587155963669e-01
6.513761467889908063e-01
6.697247706422018165e-01
6.513761467889908063e-01
6.880733944954128267e-01
7.064220183486238369e-01
6.605504587155963669e-01
6.697247706422018165e-01
6.697247706422018165e-01
6.513761467889908063e-01
7.064220183486238369e-01
7.064220183486238369e-01
6.330275229357797961e-01
7.247706422018348471e-01
6.422018348623853568e-01
6.422018348623853568e-01
7.431192660550458573e-01
7.247706422018348471e-01
6.697247706422018165e-01
6.513761467889908063e-01
7.339449541284404077e-01
