2.752293577981651529e-02
4.587155963302752548e-02
9.174311926605505096e-02
1.100917431192660612e-01
1.284403669724770714e-01
1.467889908256880815e-01
1.651376146788990917e-01
1.651376146788990917e-01
1.559633027522935866e-01
1.834862385321101019e-01
1.743119266055045968e-01
2.018348623853211121e-01
1.834862385321101019e-01
1.743119266055045968e-01
2.201834862385321223e-01
3.119266055045871733e-01
3.211009174311926784e-01
2.844036697247706580e-01
3.486238532110091937e-01
3.394495412844036886e-01
3.669724770642202039e-01
