9.174311926605505096e-03
3.669724770642202039e-02
4.587155963302752548e-02
6.422018348623853568e-02
9.174311926605505096e-02
1.192660550458715663e-01
1.284403669724770714e-01
1.834862385321101019e-01
2.110091743119266172e-01
2.018348623853211121e-01
2.293577981651376274e-01
2.385321100917431325e-01
2.568807339449541427e-01
3.302752293577981835e-01
3.394495412844036886e-01
3.302752293577981835e-01
3.486238532110091937e-01
3.577981651376146988e-01
3.577981651376146988e-01
3.669724770642202039e-01
3.944954128440367191e-01
3.761467889908257090e-01
3.761467889908257090e-01
4.128440366972477293e-01
3.944954128440367191e-01
4.220183486238532344e-01
4.128440366972477293e-01
4.036697247706422242e-01
