9.174311926605505096e-03
2.752293577981651529e-02
3.669724770642202039e-02
3.669724770642202039e-02
6.422018348623853568e-02
1.192660550458715663e-01
1.651376146788990917e-01
1.743119266055045968e-01
1.926605504587156070e-01
1.834862385321101019e-01
2.201834862385321223e-01
2.568807339449541427e-01
2.477064220183486376e-01
2.935779816513761631e-01
2.660550458715596478e-01
2.844036697247706580e-01
3.302752293577981835e-01
3.486238532110091937e-01
3.027522935779816682e-01
3.211009174311926784e-01
3.119266055045871733e-01
3.761467889908257090e-01
3.853211009174312141e-01
4.036697247706422242e-01
4.678899082568807599e-01
3.853211009174312141e-01
4.128440366972477293e-01
4.678899082568807599e-01
4.220183486238532344e-01
4.587155963302752548e-01
4.495412844036697497e-01
3.669724770642202039e-01
4.495412844036697497e-01
