9.174311926605505096e-03
5.504587155963303058e-02
4.587155963302752548e-02
1.100917431192660612e-01
1.284403669724770714e-01
1.376146788990825764e-01
1.467889908256880815e-01
1.559633027522935866e-01
2.018348623853211121e-01
1.834862385321101019e-01
1.926605504587156070e-01
2.293577981651376274e-01
2.568807339449541427e-01
2.844036697247706580e-01
2.477064220183486376e-01
2.844036697247706580e-01
2.385321100917431325e-01
3.394495412844036886e-01
3.027522935779816682e-01
3.119266055045871733e-01
3.394495412844036886e-01
3.027522935779816682e-01
3.761467889908257090e-01
3.486238532110091937e-01
3.486238532110091937e-01
3.761467889908257090e-01
3.761467889908257090e-01
3.944954128440367191e-01
3.669724770642202039e-01
4.495412844036697497e-01
4.311926605504587395e-01
4.403669724770642446e-01
