2.752293577981651529e-02
2.752293577981651529e-02
5.504587155963303058e-02
5.504587155963303058e-02
5.504587155963303058e-02
1.009174311926605561e-01
1.192660550458715663e-01
1.284403669724770714e-01
1.192660550458715663e-01
1.192660550458715663e-01
1.376146788990825764e-01
1.467889908256880815e-01
1.467889908256880815e-01
1.559633027522935866e-01
1.651376146788990917e-01
1.834862385321101019e-01
2.201834862385321223e-01
2.201834862385321223e-01
2.110091743119266172e-01
2.110091743119266172e-01
2.385321100917431325e-01
2.201834862385321223e-01
2.660550458715596478e-01
2.110091743119266172e-01
2.201834862385321223e-01
2.844036697247706580e-01
2.844036697247706580e-01
3.027522935779816682e-01
3.302752293577981835e-01
3.119266055045871733e-01
2.935779816513761631e-01
3.211009174311926784e-01
3.302752293577981835e-01
3.669724770642202039e-01
3.486238532110091937e-01
3.761467889908257090e-01
3.853211009174312141e-01
3.577981651376146988e-01
3.853211009174312141e-01
3.761467889908257090e-01
4.403669724770642446e-01
4.311926605504587395e-01
4.220183486238532344e-01
4.128440366972477293e-01
4.403669724770642446e-01
4.678899082568807599e-01
3.853211009174312141e-01
4.678899082568807599e-01
4.220183486238532344e-01
4.036697247706422242e-01
4.036697247706422242e-01
4.220183486238532344e-01
4.495412844036697497e-01
4.954128440366972752e-01
5.412844036697247452e-01
4.495412844036697497e-01
4.220183486238532344e-01
4.495412844036697497e-01
4.587155963302752548e-01
4.587155963302752548e-01
5.504587155963303058e-01
4.587155963302752548e-01
5.137614678899082854e-01
5.596330275229357554e-01
5.779816513761467656e-01
