9.174311926605505096e-03
9.174311926605505096e-03
1.834862385321101019e-02
3.669724770642202039e-02
3.669724770642202039e-02
9.174311926605505096e-02
8.256880733944954587e-02
9.174311926605505096e-02
1.100917431192660612e-01
1.100917431192660612e-01
1.192660550458715663e-01
1.376146788990825764e-01
1.376146788990825764e-01
1.376146788990825764e-01
1.559633027522935866e-01
1.743119266055045968e-01
1.651376146788990917e-01
1.651376146788990917e-01
1.834862385321101019e-01
2.110091743119266172e-01
1.926605504587156070e-01
2.110091743119266172e-01
2.201834862385321223e-01
2.110091743119266172e-01
2.752293577981651529e-01
3.211009174311926784e-01
3.211009174311926784e-01
3.302752293577981835e-01
3.302752293577981835e-01
3.486238532110091937e-01
3.302752293577981835e-01
3.486238532110091937e-01
3.211009174311926784e-01
3.211009174311926784e-01
3.302752293577981835e-01
3.853211009174312141e-01
3.669724770642202039e-01
3.211009174311926784e-01
3.394495412844036886e-01
3.944954128440367191e-01
3.761467889908257090e-01
4.036697247706422242e-01
4.128440366972477293e-01
4.128440366972477293e-01
4.403669724770642446e-01
4.036697247706422242e-01
4.403669724770642446e-01
4.678899082568807599e-01
4.495412844036697497e-01
4.403669724770642446e-01
4.587155963302752548e-01
4.678899082568807599e-01
4.678899082568807599e-01
4.587155963302752548e-01
4.678899082568807599e-01
4.770642201834862650e-01
4.495412844036697497e-01
