1.834862385321101019e-02
1.834862385321101019e-02
1.834862385321101019e-02
3.669724770642202039e-02
3.669724770642202039e-02
4.587155963302752548e-02
7.339449541284404077e-02
7.339449541284404077e-02
7.339449541284404077e-02
1.192660550458715663e-01
1.284403669724770714e-01
1.559633027522935866e-01
1.559633027522935866e-01
1.926605504587156070e-01
1.651376146788990917e-01
1.834862385321101019e-01
1.743119266055045968e-01
1.926605504587156070e-01
1.926605504587156070e-01
2.110091743119266172e-01
2.385321100917431325e-01
2.568807339449541427e-01
2.293577981651376274e-01
2.385321100917431325e-01
2.201834862385321223e-01
2.568807339449541427e-01
2.844036697247706580e-01
2.752293577981651529e-01
2.844036697247706580e-01
2.844036697247706580e-01
3.486238532110091937e-01
3.302752293577981835e-01
3.577981651376146988e-01
3.669724770642202039e-01
3.669724770642202039e-01
3.486238532110091937e-01
3.761467889908257090e-01
3.761467889908257090e-01
3.761467889908257090e-01
4.495412844036697497e-01
4.128440366972477293e-01
4.128440366972477293e-01
4.220183486238532344e-01
4.495412844036697497e-01
4.403669724770642446e-01
4.128440366972477293e-01
4.128440366972477293e-01
4.495412844036697497e-01
4.954128440366972752e-01
4.403669724770642446e-01
4.954128440366972752e-01
5.045871559633027248e-01
