2.752293577981651529e-02
4.587155963302752548e-02
4.587155963302752548e-02
6.422018348623853568e-02
8.256880733944954587e-02
1.376146788990825764e-01
1.284403669724770714e-01
1.376146788990825764e-01
1.467889908256880815e-01
1.834862385321101019e-01
1.834862385321101019e-01
1.926605504587156070e-01
2.018348623853211121e-01
2.385321100917431325e-01
2.110091743119266172e-01
2.844036697247706580e-01
2.660550458715596478e-01
3.027522935779816682e-01
2.752293577981651529e-01
2.844036697247706580e-01
2.844036697247706580e-01
3.761467889908257090e-01
3.027522935779816682e-01
3.027522935779816682e-01
3.761467889908257090e-01
3.394495412844036886e-01
3.669724770642202039e-01
3.394495412844036886e-01
3.486238532110091937e-01
3.577981651376146988e-01
3.944954128440367191e-01
3.577981651376146988e-01
3.302752293577981835e-01
3.853211009174312141e-01
4.311926605504587395e-01
4.128440366972477293e-01
4.036697247706422242e-01
3.486238532110091937e-01
4.862385321100917701e-01
4.954128440366972752e-01
4.311926605504587395e-01
4.311926605504587395e-01
3.944954128440367191e-01
3.853211009174312141e-01
5.045871559633027248e-01
4.311926605504587395e-01
4.770642201834862650e-01
4.862385321100917701e-01
4.587155963302752548e-01
5.229357798165137350e-01
4.862385321100917701e-01
4.862385321100917701e-01
5.504587155963303058e-01
5.137614678899082854e-01
