2.166214892820941262e-01
2.089678923796418897e-01
2.071154087794864762e-01
2.008451332923410493e-01
1.996629112347305945e-01
1.924022926856423510e-01
1.873049681724923698e-01
1.892113112635276373e-01
1.888148144546096530e-01
1.921186471108403682e-01
1.961494742440156314e-01
2.018783406036949168e-01
2.025400190212491014e-01
2.008143037042956214e-01
1.968462717358152314e-01
1.955920758088912359e-01
1.905850619297237980e-01
1.865089070209748068e-01
1.921957050127201250e-01
1.906543570120053099e-01
1.955317309123656699e-01
1.981355394360043432e-01
1.968519886050265066e-01
1.964706648764431018e-01
1.910705918009612814e-01
1.904252631775874005e-01
1.861962727176318111e-01
1.799772426795623603e-01
1.774091518904396814e-01
1.768401635286808993e-01
1.778224241268605843e-01
1.778748916657424406e-01
1.768597222021881521e-01
1.778621235144007828e-01
1.778965464105999872e-01
1.785258863282195019e-01
1.788725339340169196e-01
1.842187802512389450e-01
1.870613142380269656e-01
1.907204684540532436e-01
1.933291102102454861e-01
1.989879180497834688e-01
2.015242316566254743e-01
1.995380850982487186e-01
1.958299204795835025e-01
1.930264573522783023e-01
1.926927792660513283e-01
1.858225876802495624e-01
1.824263925260245778e-01
1.771141127677333393e-01
1.776761181518097255e-01
1.753536615181755520e-01
1.697964473077052672e-01
1.675978416199065679e-01
1.641158219180525180e-01
1.641050606286289515e-01
1.619138633392316340e-01
1.638347258894496394e-01
1.652879581489388738e-01
1.674932779576393804e-01
1.675347506337249159e-01
1.658734052183372387e-01
1.660440071895172565e-01
1.622217082159539414e-01
1.617414622580272410e-01
1.589065847860073322e-01
1.592703808152419465e-01
1.598215949694869742e-01
1.580901337548606400e-01
1.523031123693434630e-01
1.513856473102881128e-01
1.471120660659240298e-01
1.416922601781863966e-01
1.358488166017459697e-01
1.318841820519600083e-01
1.331410669189815321e-01
1.297862278071502118e-01
1.301546278073255347e-01
1.309644516074032483e-01
1.320802334473292483e-01
1.374386267812868212e-01
1.422036811302361536e-01
1.421151278861061407e-01
1.419229571058773232e-01
1.421052456404821862e-01
1.424393203221382687e-01
1.413135539278681241e-01
1.368355029264445299e-01
1.368357878473528966e-01
1.372117722174619192e-01
1.372230858073903159e-01
1.375599348446094328e-01
1.346613299810605069e-01
1.345324311299491982e-01
1.394857633288084098e-01
1.459664967932123303e-01
1.549542870543955120e-01
1.652085078917846228e-01
1.787901081555670069e-01
1.917971110565508952e-01
2.028182573050060500e-01
2.139162047832648683e-01
2.230333588559185731e-01
2.262690094394773088e-01
2.269337802311897079e-01
2.286098758554264143e-01
2.236671422011325683e-01
