8.654738331428095399e-02
8.612267522406451270e-02
8.573895247538174114e-02
8.493819909748531738e-02
8.431318809346244336e-02
8.345113770643569628e-02
8.306218028598448544e-02
8.171156618196910582e-02
8.081111536792620620e-02
8.010461214834273258e-02
7.933681770004337441e-02
7.926147109507493405e-02
7.806212567625776810e-02
7.890458976774804289e-02
7.876469236220325076e-02
7.844589590151740399e-02
7.787425623877269887e-02
7.711735904712795076e-02
7.715376474315834010e-02
7.629883691946476310e-02
7.631642030017382616e-02
7.630469642432817501e-02
7.643349582893008143e-02
7.596268350291864035e-02
7.580540803447473330e-02
7.562208808444441377e-02
7.516715477276085522e-02
7.479708978349737525e-02
7.469338859518268037e-02
7.526926259046719248e-02
7.859693952979190934e-02
8.311857975850170388e-02
8.278312429546957896e-02
8.279288578309546009e-02
8.282399744094809391e-02
8.630557650855462393e-02
8.689873745675356920e-02
8.634436370862902388e-02
9.061374652333371860e-02
9.454771539782605427e-02
9.905246692242823670e-02
9.946632563323558329e-02
9.941065441580185236e-02
9.988325588905366814e-02
1.002795029665420889e-01
1.002025162830370991e-01
9.965444664044736944e-02
9.964492459406067149e-02
9.969731033980820667e-02
9.981741926933293541e-02
9.990934324436338831e-02
1.002347676346111160e-01
1.004284576728821932e-01
1.001408054022037419e-01
9.991765101196775634e-02
1.010287267559354940e-01
1.014883115816572479e-01
1.024061893058875461e-01
1.057851636379813776e-01
1.072719123448570566e-01
1.096863940443136565e-01
1.098552082524511947e-01
1.152234431475105403e-01
1.197471478298879483e-01
1.173151912762043225e-01
1.171617106748986531e-01
1.162192683175325980e-01
1.162146443381298216e-01
1.121741269528596097e-01
1.083131033224146028e-01
1.081530301608269601e-01
1.079344713966780972e-01
1.078879978780405147e-01
1.079704503190209719e-01
1.062163320997539240e-01
1.055989786685999909e-01
1.059393171176191695e-01
1.060417830371852138e-01
1.057057387676407084e-01
1.049246729433379183e-01
1.048510695109063778e-01
1.043223992168143405e-01
1.030295837228032974e-01
1.021233949809975533e-01
1.013117080702680695e-01
1.003795136763515616e-01
1.003913125073933599e-01
9.989239674010046144e-02
1.002494794153795110e-01
1.036288936751582485e-01
1.078848163184003006e-01
1.129644418210614676e-01
1.171988355011313876e-01
1.218058488627893066e-01
1.225424262343128290e-01
1.205545883216223441e-01
1.178158567691836855e-01
1.150715571026312001e-01
1.125005086011135608e-01
1.105102022756604269e-01
1.125432786531709306e-01
1.137208161754564573e-01
1.147139986914792464e-01
1.148566893684047768e-01
1.146809098804412730e-01
1.139362952374801952e-01
1.159591155635719822e-01
