1.301793277439027285e-01
1.223997772398083272e-01
1.257340238095476237e-01
1.318568397727227781e-01
1.354496227483213411e-01
1.366511810472558763e-01
1.416455126837122824e-01
1.453915061887400273e-01
1.382548820672034884e-01
1.384974144074655189e-01
1.388501774432736036e-01
1.403498405254890724e-01
1.379946559889828617e-01
1.324962692108613838e-01
1.365813992928614218e-01
1.370050378471811547e-01
1.409278814806984026e-01
1.428842799425106558e-01
1.505839316656016891e-01
1.561347393808908690e-01
1.581417610901733328e-01
1.612875868450195371e-01
1.600001920283759815e-01
1.604658050788691781e-01
1.554797504110491391e-01
1.600862458356719364e-01
1.663741750288509902e-01
1.659464320186161412e-01
1.674651368061496892e-01
1.701639469387439263e-01
1.712865013872231224e-01
1.711398881494524127e-01
1.659003966282994180e-01
1.673053941026008129e-01
1.655414324914303015e-01
1.638270476421303523e-01
1.644411441941302787e-01
1.625376262912861525e-01
1.674981104948433108e-01
1.645124508361379134e-01
1.654625692844296780e-01
1.638339337187147138e-01
1.676593818185331264e-01
1.816220564912430224e-01
1.842395514696995862e-01
1.941584655901779644e-01
1.990976527256883566e-01
2.011233509213942727e-01
2.024637275450770213e-01
1.918721080085191710e-01
1.881430490904995312e-01
1.829783748426383194e-01
1.796356801384420554e-01
1.834831250037645689e-01
1.812773037732859083e-01
1.850775667955373016e-01
1.897434656076422144e-01
1.986991581422306863e-01
2.038628539131076556e-01
2.082160374111030332e-01
2.129425409073165965e-01
2.107802474087395184e-01
2.088369370917197432e-01
2.076892531398030761e-01
2.054851029860472744e-01
2.031886170709627792e-01
2.025923177272214160e-01
2.020402321970740656e-01
2.035196598726098094e-01
1.978596503936065898e-01
1.983477334475949871e-01
1.990566843806806652e-01
1.971590113716741033e-01
2.036383103135575301e-01
2.024718403440425585e-01
2.066822061592575588e-01
2.077404218935586244e-01
2.060666270875835537e-01
2.070017124319874224e-01
2.059160955375206048e-01
2.062174794467264705e-01
2.031378017480298392e-01
2.006163617999439930e-01
2.037571151572869499e-01
2.039034981320361484e-01
2.032463561581154543e-01
2.043416543301421473e-01
2.078183893630561885e-01
2.158652592491325795e-01
2.169042287270506186e-01
2.232610391963370244e-01
2.265732698706055537e-01
2.453518754226144405e-01
2.545639332256265375e-01
2.617585185020094851e-01
2.656708670029927499e-01
2.739327026085888184e-01
2.742775168344133152e-01
2.620083341458173676e-01
2.559233147491073446e-01
2.502977735173891327e-01
2.459099247086805606e-01
2.317239776416804287e-01
2.270941670420352776e-01
2.205938539238508911e-01
2.135684097594326980e-01
2.084695716219715500e-01
