2.172528594991955386e-01
2.175095585584230218e-01
2.254660810557579387e-01
2.293996745804521287e-01
2.298600328302124740e-01
2.280906226210189791e-01
2.300242354847731596e-01
2.346673985598905499e-01
2.350964937357534479e-01
2.294199927927323690e-01
2.262027041385336334e-01
2.284725736441936828e-01
2.300142169724183894e-01
2.259636277347396582e-01
2.259116797479597261e-01
2.286817575609251252e-01
2.307445279786695114e-01
2.298904032743167569e-01
2.318496174770236506e-01
2.298687548264813085e-01
2.277295539640476763e-01
2.257614266600534991e-01
2.242314055889721436e-01
2.231483878968520962e-01
2.193374638874870108e-01
2.229792867668884127e-01
2.229304793802322215e-01
2.247440892706150939e-01
2.272661225496108994e-01
2.323136228487405197e-01
2.332693714357131076e-01
2.301180051127913462e-01
2.311788233963265604e-01
2.303112246719944967e-01
2.286253565166117274e-01
2.283326727315649063e-01
2.296291916272560907e-01
2.320544690426017131e-01
2.339459362109423957e-01
2.352123388418085603e-01
2.363377134606965413e-01
2.337274392938888945e-01
2.297259829541498100e-01
2.266683513969158514e-01
2.281602142231560770e-01
2.287743251834410962e-01
2.297116184125480021e-01
2.291134505032335622e-01
2.311071475960416455e-01
2.306565837384273732e-01
2.285304531698424957e-01
2.258933066542929968e-01
2.247087023076525802e-01
2.300817962784874049e-01
2.284439069608268369e-01
2.301559611562939978e-01
2.270806080729523002e-01
2.289853271400575652e-01
2.298553449491264611e-01
2.252915664699675913e-01
2.235982892468865724e-01
2.253528235552344494e-01
2.255766375073658958e-01
2.281606797518651586e-01
2.257739629896268474e-01
2.241330058815456661e-01
2.276670703973917020e-01
2.205135157726489659e-01
2.187794818720069367e-01
2.129270578055319496e-01
2.104240027567386151e-01
2.084506201958763183e-01
2.049252469500116303e-01
2.062412247314463487e-01
2.041164129320161280e-01
2.016085321279498244e-01
1.996276097814758954e-01
1.964648295858086868e-01
1.949102248390139347e-01
1.928967045379064160e-01
1.913828170239553206e-01
1.898859884602741022e-01
1.902682868756625512e-01
1.898758937133643299e-01
1.873613082177467692e-01
1.853118847782153356e-01
1.844494774185079788e-01
1.832387283242517539e-01
1.823557692242324946e-01
1.820111202741013234e-01
1.818249484148769524e-01
1.813965023161779877e-01
1.793489319295813456e-01
1.797289141404060098e-01
1.771371448371681090e-01
1.753157419488030055e-01
1.745944985015432382e-01
1.741664989035739963e-01
1.741525198202332758e-01
1.704970723639087082e-01
1.677481356392826750e-01
1.653605626146653351e-01
1.629851666766022888e-01
1.616873366937493506e-01
1.593923341921751335e-01
1.596275654616458595e-01
1.612437263344875249e-01
