1.895857892148305468e-01
1.912827217854456696e-01
1.922434453708058988e-01
1.926343785875028192e-01
1.920929015777048665e-01
1.923244195625402331e-01
1.974355002929744085e-01
2.023908268663260623e-01
2.047573275313480656e-01
2.001114928718040753e-01
2.014711983680035901e-01
2.034156819142707850e-01
2.000581008699908736e-01
1.967973055203827981e-01
1.957003212608390552e-01
2.021533216699467617e-01
2.043684138832872754e-01
2.039984162460421468e-01
2.028721061444588025e-01
1.980960445173028384e-01
1.965829729573023987e-01
1.944400848204046461e-01
1.958350287325755223e-01
1.938074717071599784e-01
1.950072568269123618e-01
1.994303248562407926e-01
1.977221391843901332e-01
1.933238290481408828e-01
1.889623366417622075e-01
1.890450655161251825e-01
1.882635492625481799e-01
1.870747350551659194e-01
1.884129051678382349e-01
1.921841446300202871e-01
1.880193908109343282e-01
1.872613150809624150e-01
1.888291808580947473e-01
1.854764512006475408e-01
1.831930339326684198e-01
1.821050824762035780e-01
1.843917488255322201e-01
1.831562666673277051e-01
1.798281061555458415e-01
1.817437019114799546e-01
1.859329193858908214e-01
1.850863074997156632e-01
1.842651755708717976e-01
1.849566980729305254e-01
1.845643591936951544e-01
1.831341294301619960e-01
1.788571052061984079e-01
1.803358963160325845e-01
1.825245208342647918e-01
1.799813154816599092e-01
1.826194249857600593e-01
1.828190793250102086e-01
1.850184958468039653e-01
1.832738821259134454e-01
1.848008486078050738e-01
1.836175216153726475e-01
1.800195896117215144e-01
1.791778905917313924e-01
1.753414786327738284e-01
1.739056622958135567e-01
1.688282562095691497e-01
1.694395657483771800e-01
1.682712770667676994e-01
1.690599113638675544e-01
1.692659772567564058e-01
1.707100455665322702e-01
1.714470813152310646e-01
1.720889761429036657e-01
1.733476502429057153e-01
1.728629934257836231e-01
1.715829854110263453e-01
1.705484187928246187e-01
1.703733963575838062e-01
1.706513405800644534e-01
1.712054659351348873e-01
1.722185158582846820e-01
1.733616162032736441e-01
1.734548869637013435e-01
1.741637915929452884e-01
1.741390861454145400e-01
1.734356982548689863e-01
1.738124746100230267e-01
1.746051527435890094e-01
1.762337918100695955e-01
1.771688180196485940e-01
1.785516249506072239e-01
1.793472220435811393e-01
1.794633476305436404e-01
1.795130167750058903e-01
1.812802662996840508e-01
1.801319523933860856e-01
1.787945195941083310e-01
1.777317863624832128e-01
1.781362353194290149e-01
1.785494956658801313e-01
1.761310893133597177e-01
1.758893787671715614e-01
1.756068188728854007e-01
1.768111146544807388e-01
1.765982570209792546e-01
1.763936566598434119e-01
1.766664054556195407e-01
1.783460058192644360e-01
