1.639901779756611222e-01
1.667135633586247223e-01
1.660115475307310517e-01
1.657012913289539202e-01
1.715130841507562232e-01
1.750177556935808842e-01
1.735481249033330176e-01
1.737611581423305629e-01
1.756970338908616647e-01
1.774919532954860046e-01
1.753985927140880863e-01
1.834957548554425610e-01
1.850796073740064440e-01
1.898792197215780353e-01
2.003035238445781407e-01
1.992179613626645640e-01
1.883436912309867650e-01
1.833390491719352478e-01
1.772304247545754274e-01
1.706155806388195417e-01
1.555716880887239306e-01
1.568779942677974992e-01
1.598478834987021036e-01
1.597351118790324431e-01
1.605051001354024509e-01
1.553993967895981043e-01
1.517860452159130735e-01
1.471578240204084453e-01
1.452547304776054538e-01
1.452975765784297879e-01
1.477912650410104500e-01
1.526388353109026652e-01
1.603908973531443238e-01
1.578018219613130380e-01
1.644235035351643837e-01
1.637421952203340636e-01
1.604196491344739295e-01
1.638294309593534837e-01
1.631660145186367428e-01
1.701612922105464054e-01
1.659281429746688186e-01
1.647708683501188376e-01
1.736845123906365362e-01
1.739544973381945414e-01
1.754955498729152408e-01
1.733872559882981279e-01
1.779423712494809795e-01
1.800314135007205496e-01
1.764077614311815589e-01
1.721994802937583668e-01
1.695061086897101110e-01
1.662296993785130628e-01
1.657337738761024415e-01
1.652916324690295591e-01
1.696820788450867923e-01
1.729663348910898124e-01
1.747312011651713792e-01
1.775560069666037577e-01
1.765548225546493266e-01
1.769027768187252103e-01
1.733663507923456637e-01
1.708570244667867444e-01
1.698207271196160995e-01
1.687614528833048244e-01
1.692340138239091241e-01
1.742342795628829266e-01
1.740860778311895118e-01
1.763826254189872211e-01
1.778462088664788110e-01
1.807617200430503002e-01
1.814438944668200215e-01
1.748301473082436719e-01
1.753138517730836732e-01
1.771857663874563948e-01
1.769061778416052833e-01
1.764267348153199522e-01
1.760667776292272335e-01
1.779927161508006450e-01
1.775022956471141167e-01
1.747622194339623902e-01
1.766108153933354519e-01
1.773567066420866367e-01
1.789104597776639549e-01
1.788876544721691997e-01
1.787636076528428264e-01
1.772081530723428056e-01
1.751133062483679892e-01
1.738041674682608284e-01
1.721600561460133461e-01
1.733654558345751329e-01
1.734184539713479745e-01
1.767206431333862016e-01
1.779610239790411774e-01
1.792402060854114687e-01
1.800625421291211781e-01
1.768464709329907181e-01
1.753104669080002287e-01
1.718268514631631771e-01
1.698401602572530700e-01
1.687461274358655061e-01
1.703520364422418387e-01
1.721410485562837878e-01
1.745181317688765943e-01
1.761850642800489308e-01
1.773365089863738198e-01
1.769901302402451526e-01
1.753740990493260765e-01
