1.636566266450287799e-01
1.643859414517853390e-01
1.664135206664221767e-01
1.666261890803758527e-01
1.684248796326477671e-01
1.701665130978668727e-01
1.711645036696524125e-01
1.712757550113568061e-01
1.697339975396222611e-01
1.696719644835065766e-01
1.714391566393657085e-01
1.721196902918560590e-01
1.727062124255790143e-01
1.728576815480241669e-01
1.758902810854165444e-01
1.802384079792659632e-01
1.811833089008549058e-01
1.836616638593169537e-01
1.861302933224172063e-01
1.863882037016414417e-01
1.855960205303816002e-01
1.837870889240283412e-01
1.837039283497460818e-01
1.858664738773625480e-01
1.869830285961554261e-01
1.900537933720279904e-01
1.912958191577444900e-01
1.922651152228637139e-01
1.930562241780411359e-01
1.892884534362949123e-01
1.899532804586755441e-01
1.884629621583115422e-01
1.871544485647805289e-01
1.871594858206210577e-01
1.872725541921958503e-01
1.904242187334142522e-01
1.879646084356846880e-01
1.903241389345838308e-01
1.923703225452940979e-01
1.939624408578462522e-01
1.966220584779009850e-01
1.941541714615017122e-01
1.964736727971466701e-01
1.978450761458079299e-01
1.977854260747438919e-01
1.970963321916048561e-01
1.949858406685623102e-01
1.956238920074532539e-01
1.951989797130563031e-01
1.960210561152969655e-01
1.951610489501627854e-01
1.950893685725421656e-01
1.977293067892682554e-01
1.997295769813320632e-01
1.986711856087467476e-01
1.966012434216836691e-01
1.984992182813886674e-01
2.012829741354052182e-01
2.025481614410868103e-01
2.038656110578497271e-01
2.087423246151180745e-01
2.099397496408298147e-01
2.132820692705940102e-01
2.139263086959060645e-01
2.137438861176157445e-01
2.147977717278555243e-01
2.135549410669913828e-01
2.159236908201696559e-01
2.133696746991358972e-01
2.142238939749355475e-01
2.150352350786985389e-01
2.177014241275131989e-01
2.210067954821026137e-01
2.230804881367677850e-01
2.263086174585143551e-01
2.305762620322563405e-01
2.344957788634703943e-01
2.376996450676755468e-01
2.347228186686239337e-01
2.392512941817348526e-01
2.443495791276742157e-01
2.456412724749883203e-01
2.411478619184459216e-01
2.425357279963206714e-01
2.439970666491358409e-01
2.438417481304225864e-01
2.443424230886865334e-01
2.468291325826400540e-01
2.576386561017325327e-01
2.621881002178133024e-01
2.734397887149948581e-01
2.771796775803160862e-01
2.835358331015152555e-01
2.896312235775811983e-01
2.933882365148033911e-01
2.970820471913966365e-01
2.970843756864273155e-01
3.023333869320249390e-01
3.064266721355641820e-01
3.087818653530916002e-01
3.117401828791607210e-01
3.133326681114145806e-01
3.185546818014001191e-01
3.202831596067193254e-01
3.199836888946340219e-01
3.197099616357881868e-01
3.195714730468534048e-01
