1.516992892858763931e-01
1.510350372283957299e-01
1.639134579763066868e-01
1.723658354241542068e-01
1.758696509419464538e-01
1.779673847585136470e-01
1.798335899622238443e-01
1.827114459278351144e-01
1.844131284405842730e-01
1.823616225554720860e-01
1.796419210474746175e-01
1.794053946644182107e-01
1.817201806196047376e-01
1.816503632933849643e-01
1.828714747946380559e-01
1.882351142256890597e-01
1.917772614172107148e-01
1.917185602118012255e-01
1.857187042496662999e-01
1.878775193140523603e-01
1.879358454623692998e-01
1.901612150691016634e-01
1.885886264850223093e-01
1.866613165668704055e-01
1.844830478137515495e-01
1.804852521912325980e-01
1.770880003554937965e-01
1.702689305023835087e-01
1.675431964949132824e-01
1.674909599701082108e-01
1.687237191668272684e-01
1.696441876318740549e-01
1.678463111579948930e-01
1.693314536511576762e-01
1.751913392984979501e-01
1.779239392158547817e-01
1.863767511654958187e-01
1.902778865283017984e-01
1.980525551956970887e-01
2.021519994171716572e-01
2.045953790782529258e-01
2.102885996266783963e-01
2.100673499239312514e-01
2.099696857710010856e-01
2.102508459224820547e-01
2.073843918288767463e-01
2.095450639380271873e-01
2.116031450489125054e-01
2.035998395939410122e-01
2.054124795158762118e-01
2.100914633163378509e-01
2.114439069980492414e-01
2.065523230620803230e-01
2.016887331781183623e-01
2.080712542254876951e-01
2.089786865595791854e-01
2.056481644298979450e-01
2.053682636046922361e-01
2.074706461625019926e-01
2.098072550089177812e-01
2.129002812229055519e-01
2.121981602749530849e-01
2.118423498881643885e-01
2.127944191119109096e-01
2.094059501270051915e-01
2.054427210411160498e-01
1.987889535374021688e-01
1.921596955888217606e-01
1.864916936592923569e-01
1.836512712621203580e-01
1.837178414270730642e-01
1.831021120138698333e-01
1.869112138276755597e-01
1.879300770752657668e-01
1.891480762256576853e-01
1.889851248919297289e-01
1.886693407406857259e-01
1.892005407575706177e-01
1.876881949048035403e-01
1.894909578616653101e-01
1.899734944093432465e-01
1.899170036029078357e-01
1.911808009881608705e-01
1.918955477837164247e-01
1.921202237668559187e-01
1.938195117523184019e-01
1.957373984326173932e-01
1.971741608069755292e-01
1.960754993516917732e-01
1.956829573664912170e-01
1.957659654409859562e-01
1.933572391324067941e-01
1.941207022661627923e-01
1.931609260098835212e-01
1.936246193582487618e-01
1.922225446188427778e-01
1.904346902266998709e-01
1.885784104492841395e-01
1.826690316959371507e-01
1.833927005174628977e-01
1.808644578057022889e-01
1.779905828019184844e-01
1.770431591920601511e-01
1.741703107130775086e-01
1.723930375760799882e-01
1.637315399540803240e-01
1.569709765757029418e-01
