3.438364804383559070e-01
3.490486228991393491e-01
3.582018302435947543e-01
3.584741308984377151e-01
3.702619501954820258e-01
3.792838747091417106e-01
3.854746510179815622e-01
3.842296625731386195e-01
3.786670681950932149e-01
3.840709098120792531e-01
3.809802337954438789e-01
3.671323495970364448e-01
3.463561723257529423e-01
3.467754002802870827e-01
3.490019656528333680e-01
3.396224116968731832e-01
3.443697018442819502e-01
3.504734373989429885e-01
3.605699308003835202e-01
3.505065355266911431e-01
3.414315393000498799e-01
3.444678562368710950e-01
3.300372632920214877e-01
3.215190240960805190e-01
3.255916903851374666e-01
3.284937354192921655e-01
3.317757708093211910e-01
3.311284556746885155e-01
3.375720877232200046e-01
3.452626771018398877e-01
3.352592049356345472e-01
3.360433712384378047e-01
3.335144471723855419e-01
3.350793927813094375e-01
3.322917664340905297e-01
3.251069056142026348e-01
3.227176621497573339e-01
3.192442876704105759e-01
3.180488406484761610e-01
3.121855257656705462e-01
3.082130288337085466e-01
3.075903070896826574e-01
3.051281911478869180e-01
3.077819244985248726e-01
3.050460835286497030e-01
3.063913727625484640e-01
3.100662653327943552e-01
3.120226338881740280e-01
3.151283619225080934e-01
3.063823769501946015e-01
3.077781589830881348e-01
3.079229105241015341e-01
3.047048296702822845e-01
3.003011228077189787e-01
3.006734007604468517e-01
3.016660982707770611e-01
2.993231467423623227e-01
2.953178107682105091e-01
2.903477221963735588e-01
2.855650629749566516e-01
2.790304917781029070e-01
2.811566093479951345e-01
2.758425536474518047e-01
2.762928818390502639e-01
2.763106252214256320e-01
2.760537854600346730e-01
2.763100771611267659e-01
2.710773542997336749e-01
2.733188980544279945e-01
2.695326280241355232e-01
2.677512600989269687e-01
2.658697304259461380e-01
2.672547831357290349e-01
2.737554216906073479e-01
2.741073692396111539e-01
2.789877915736848069e-01
2.819535810861570901e-01
2.838575057022314496e-01
2.853615862869036124e-01
2.812344537474726347e-01
2.822979261617136193e-01
2.805499199698993085e-01
2.788076897129555531e-01
2.792854837514225363e-01
2.774884534920936674e-01
2.772289556904167784e-01
2.761593934845769649e-01
2.754778889180243273e-01
2.762631542298806808e-01
2.768268630928505947e-01
2.779759624768274873e-01
2.785221174775954767e-01
2.795279315681090115e-01
2.809193265787889304e-01
2.810643963017265268e-01
2.816245909971443750e-01
2.818511997607431874e-01
2.832715017169226690e-01
2.844500466023613949e-01
2.863327076010538930e-01
2.903062397024466779e-01
2.935403339272735779e-01
2.945328610230555366e-01
2.942933466239757156e-01
2.907517164661780340e-01
2.840849319531439376e-01
2.757591459847340554e-01
