2.031196478901269309e-01
2.050653170282899507e-01
2.041659495638695199e-01
2.025777793982813102e-01
2.012297587525561926e-01
2.023971740256073071e-01
2.019783100461269298e-01
2.063936780509288693e-01
2.059575281024781934e-01
2.096743820767695832e-01
2.154441723438793033e-01
2.129834471689715514e-01
2.150374498539587009e-01
2.147354220665301794e-01
2.144107559509045857e-01
2.122154271325304986e-01
2.125679037464250354e-01
2.161925924758095474e-01
2.163216692356209059e-01
2.160527303311756964e-01
2.167655281370788889e-01
2.163603087228068989e-01
2.135980109583269226e-01
2.116346175733455348e-01
2.111809296504318367e-01
2.110018892373158039e-01
2.131166698077373300e-01
2.124458757980025037e-01
2.143237405640534554e-01
2.161249857705276334e-01
2.182291715700725998e-01
2.186161780981232261e-01
2.184364451548161945e-01
2.202079127996763863e-01
2.179308041785978090e-01
2.206838674962408320e-01
2.205543324477581280e-01
2.208312524833339618e-01
2.214828829131439136e-01
2.244899540586664244e-01
2.299896648139957978e-01
2.294120823918205931e-01
2.309246579574464053e-01
2.286063256688130596e-01
2.289630305587825043e-01
2.276383168252542333e-01
2.275705981720119453e-01
2.263662048125730797e-01
2.258281344917811295e-01
2.303510899868762007e-01
2.289270190251057879e-01
2.301170210625782531e-01
2.287228880850417090e-01
2.301381129377594870e-01
2.292049623084858045e-01
2.279898291327000781e-01
2.294036485259913494e-01
2.300701407739781379e-01
2.294680618130640060e-01
2.302898585792072239e-01
2.327923340021225973e-01
2.358310475889183466e-01
2.369228005155517569e-01
2.372024925817266539e-01
2.407222902204417814e-01
2.414688351908628738e-01
2.442583848388359402e-01
2.449038529050143742e-01
2.486632945388166094e-01
2.530556293690596759e-01
2.579733609216581236e-01
2.579159532952109979e-01
2.609774509781136453e-01
2.613691807312195636e-01
2.588807802434350269e-01
2.560386521242029589e-01
2.514906695190380903e-01
2.531233112288078790e-01
2.493839598325336415e-01
2.485693583928443029e-01
2.500244075104692265e-01
2.506217187465680230e-01
2.504709509880287954e-01
2.503335653451052023e-01
2.510941566477221110e-01
2.531930341952796648e-01
2.537304268279906294e-01
2.552957742865744617e-01
2.575144036322681851e-01
2.601455959066747425e-01
2.606261479678655402e-01
2.616682733896880664e-01
2.630948208124055387e-01
2.626617799410508325e-01
2.632399693719486011e-01
2.633748372140005123e-01
2.644236611554367511e-01
2.638239198461191926e-01
2.640713326674174466e-01
2.647617945978099074e-01
2.635547924720488822e-01
2.606182867386634960e-01
2.592449172332979002e-01
2.584118432034795410e-01
2.544642171883328974e-01
2.438908914927781502e-01
2.368136346266212777e-01
