1.010191746928922919e-02
1.024171805853884426e-02
1.056086788528657130e-02
1.073446098471890486e-02
1.154968778216417837e-02
1.142729596205206699e-02
1.143995969813101261e-02
1.176806499948618648e-02
1.120533274960965053e-02
1.152614207603619434e-02
9.864077815937443219e-03
9.442207189446726739e-03
9.083554612251706559e-03
8.435875602704376655e-03
8.092378916447104734e-03
7.859643365091617886e-03
9.562841342111789295e-03
1.040156896023816668e-02
1.135750661933511950e-02
1.140771855577593294e-02
1.184786054362972803e-02
1.209536868575655441e-02
1.290983010280325957e-02
1.304648399604001197e-02
1.397849654880680380e-02
1.522989790193574403e-02
1.660401211571460936e-02
1.742860491620286736e-02
1.673314225850458178e-02
1.743479640721364021e-02
1.778108907942801617e-02
1.825502072505737206e-02
1.759654170793188352e-02
1.750507502067710081e-02
1.691702132601202030e-02
1.660092127073820381e-02
1.586039998970059997e-02
1.498904614897469262e-02
1.848827506178658472e-02
2.014191969074203420e-02
2.550787426813612424e-02
2.995127575269627279e-02
3.427306006866361054e-02
3.808083864250048911e-02
3.682078263814804464e-02
3.813212237745862432e-02
3.540824958414307000e-02
3.386902572421887636e-02
3.081068990887136927e-02
2.893688572618765067e-02
2.878057035771663594e-02
2.741884666118441644e-02
2.685424904615198172e-02
2.593583993041811975e-02
2.624811029397770487e-02
2.642935617207997634e-02
2.660744722924733921e-02
2.641023017127600361e-02
2.573251358052437709e-02
2.469630578672243199e-02
2.410985866847566855e-02
2.571801865685009042e-02
2.617933888295860545e-02
2.556503347732866707e-02
2.490938668463008043e-02
2.443181819820714265e-02
2.366718048216804107e-02
2.271532513422483412e-02
2.075484426150135328e-02
2.198557103091484249e-02
2.417629424529488952e-02
2.651982948864111539e-02
2.968607301074941557e-02
2.981776008239424638e-02
3.223081977535542653e-02
3.291455915011848310e-02
3.294646122898950424e-02
3.328182710060451077e-02
3.216397955148339594e-02
3.062346871747723132e-02
3.034214981438670619e-02
2.872132465679244975e-02
2.689630630273421794e-02
2.612759002727932378e-02
2.461184408383922453e-02
2.421468927913508068e-02
2.203585983198167939e-02
2.134579270154691316e-02
2.097737409550870860e-02
1.903477000938193220e-02
1.854791336973801719e-02
1.791887185249066775e-02
1.731185870772437158e-02
1.697031623371584794e-02
1.673380183028577370e-02
1.660161854133927403e-02
1.639192017974510501e-02
1.692500250411920620e-02
1.788124332442242795e-02
1.819841837404787693e-02
1.837310168965599136e-02
1.860888844743079085e-02
1.948766080606900014e-02
1.923000870130680412e-02
1.840423654192792705e-02
1.648185720213098809e-02
1.436349422808378719e-02
