1.335354832183366092e-01
1.286393396211842344e-01
1.213172553262195363e-01
1.178313632813771661e-01
1.159030342346504538e-01
1.149052979602132318e-01
1.194974252818520322e-01
1.229446980715844517e-01
1.314973129714001043e-01
1.365018426752250824e-01
1.355194416153965575e-01
1.357910060610739433e-01
1.353592526037822874e-01
1.364244176740854186e-01
1.392485630187441092e-01
1.406551012761907415e-01
1.450325453843904766e-01
1.459100838428322167e-01
1.493949790266254907e-01
1.469428916072897384e-01
1.437235212899505288e-01
1.455555569625290036e-01
1.453964060402708758e-01
1.478515245452778348e-01
1.495068932302165698e-01
1.495250649614354721e-01
1.532420633499226581e-01
1.552616887636789622e-01
1.602575158365484032e-01
1.635390207827770725e-01
1.643871970462120191e-01
1.699820372224267462e-01
1.702353897362202662e-01
1.697777926041664220e-01
1.671447155793156503e-01
1.650183469106849821e-01
1.644633176089597693e-01
1.645432583385022518e-01
1.646439912723169918e-01
1.653266672275113258e-01
1.674501256686538875e-01
1.649862855994808919e-01
1.664428211649768841e-01
1.712039713980539613e-01
1.719451996893222034e-01
1.743352632494211962e-01
1.749204511312913990e-01
1.802500544424552875e-01
1.806182414511599277e-01
1.779508252349379371e-01
1.808509049213052888e-01
1.822664913412636589e-01
1.881995885376966382e-01
1.932747565883452256e-01
1.962403203802637608e-01
1.988845986620794981e-01
2.012126124632110935e-01
2.014832728546428475e-01
2.011480346723913681e-01
2.008408022681351102e-01
2.010670248050957509e-01
2.007563326012706262e-01
2.006282750461175213e-01
2.017590817531391689e-01
2.039229454934613217e-01
2.056348901830045983e-01
2.081272263257820387e-01
2.126391767665143928e-01
2.140879287205033621e-01
2.172893977511017316e-01
2.185762801896546093e-01
2.193653849805760614e-01
2.229517459771738208e-01
2.271544687050603972e-01
2.319424627167962216e-01
2.335113873998695133e-01
2.337598318717619417e-01
2.362459428466146261e-01
2.336888347311723291e-01
2.290791053265292532e-01
2.265340715707174213e-01
2.268672594068630310e-01
2.262571249153893793e-01
2.251720805385287183e-01
2.271017731391508643e-01
2.276646868700048509e-01
2.296543681402244130e-01
2.305616639011843771e-01
2.359762389786756731e-01
2.418479279607086974e-01
2.496428622115356710e-01
2.638346894614120863e-01
2.694565167888841040e-01
2.724870405704407639e-01
2.761089716454009912e-01
2.751641502301408471e-01
2.725818281948829691e-01
2.648146469806811898e-01
2.640169415906427619e-01
2.638528380114691929e-01
2.632746800954794963e-01
2.685611583911370337e-01
2.744376815371659672e-01
2.774633572525312397e-01
2.807549661694194731e-01
2.846620876108079123e-01
2.777893714407751458e-01
