4.441761170874977682e-01
4.300501372231540498e-01
4.176418411949358589e-01
4.150309698378514822e-01
3.969136672824001844e-01
3.776903550833636825e-01
3.917989999346095376e-01
3.899019860243664315e-01
4.067132634231239718e-01
3.849962249123201063e-01
3.859772373228614328e-01
3.843973865052073835e-01
3.653446124847620768e-01
3.643005326830775492e-01
3.496352402841269580e-01
3.535838784957958669e-01
3.533286145664571443e-01
3.581446597759680439e-01
3.652080123263313216e-01
3.671296436905600036e-01
3.635994457153947090e-01
3.654481441823442811e-01
3.678199398959674515e-01
3.686086489041051628e-01
3.656964863373503016e-01
3.688584371314022059e-01
3.692283602420110000e-01
3.693738895155744828e-01
3.717036347486482595e-01
3.698652688351286022e-01
3.699184044405934846e-01
3.643189291999238688e-01
3.639234777869264637e-01
3.632770880364938337e-01
3.594892739701844864e-01
3.607580103906207758e-01
3.652023711586501742e-01
3.701145125694826898e-01
3.731234423181594706e-01
3.793995751540998329e-01
3.814923703397891108e-01
3.816475108950374562e-01
3.864574389113102360e-01
3.916508177146142966e-01
3.984893454944949953e-01
4.007020390639496332e-01
4.124438239287009367e-01
4.246606174266562839e-01
4.220952342932446921e-01
4.294199365270131574e-01
4.299050009303718167e-01
4.341412201811494231e-01
4.318832042265009497e-01
4.302257657865912188e-01
4.380838021891715339e-01
4.370168789898231654e-01
4.384413730429038702e-01
4.377994023585812799e-01
4.297403481357880972e-01
4.206725777490277762e-01
4.114147201982220614e-01
3.995913552675084413e-01
3.912911794079398375e-01
3.812087124865820575e-01
3.792991861301119871e-01
3.767592290728030147e-01
3.717155484244897279e-01
3.715241662565746950e-01
3.732575349468120751e-01
3.735343914452777803e-01
3.782672624021815588e-01
3.812645573126103304e-01
3.878733457903339454e-01
3.916741101648296697e-01
3.971286724550364688e-01
4.018224714388630714e-01
3.982171277618613559e-01
4.020827720440269815e-01
4.001771927698476450e-01
3.959233617861156462e-01
3.822376564901450724e-01
3.783866395549844164e-01
3.775666944543470960e-01
3.678547025317541186e-01
3.617040625595096537e-01
3.647007642105282721e-01
3.709115040130251395e-01
3.646093502009628562e-01
3.588268378078978693e-01
3.590402371544370030e-01
3.605265295288312966e-01
3.576528271851253105e-01
3.543328727855651339e-01
3.552264116982448150e-01
3.578022582188181144e-01
3.571795758168674895e-01
3.536372144070105694e-01
3.473967465694605128e-01
3.500190754979770613e-01
3.521275711470908676e-01
3.543679114765205806e-01
3.524883530437531443e-01
3.543840333338279525e-01
3.556472514931460771e-01
3.522226473484196263e-01
3.481743777542488649e-01
3.462089781658678755e-01
