1.737644978075064683e-01
1.739671657013406036e-01
1.821587439041436052e-01
1.864462214653383743e-01
1.870629431492811245e-01
1.866464503463989566e-01
1.869460204624716626e-01
1.916665767229012718e-01
1.853485003715265034e-01
1.872751666099624346e-01
1.922827228057622240e-01
1.956462950761650998e-01
2.040634783468567581e-01
2.111737459457657118e-01
2.150460004007857806e-01
2.171733534873092619e-01
2.158111288917776704e-01
2.197347249981812523e-01
2.194877438191063235e-01
2.127450113015741384e-01
2.115339421018455068e-01
2.082790328590897189e-01
2.094629582801650625e-01
2.066458786317306728e-01
2.009131494766466242e-01
2.042153626758992646e-01
2.039484132859864518e-01
2.041956957373806947e-01
2.025960840565807219e-01
2.002555453797799367e-01
2.034732250100627082e-01
2.014003717139024874e-01
2.035904203967007220e-01
2.046678820017925060e-01
2.080592830711806562e-01
2.145114371471177062e-01
2.164466602341031942e-01
2.199302429926666413e-01
2.216132275316470279e-01
2.240167548598517300e-01
2.243706541380491304e-01
2.231090595022010015e-01
2.232981749206783273e-01
2.218249545822119084e-01
2.258634280801630478e-01
2.265411824179690004e-01
2.278103614453441672e-01
2.267003726462460123e-01
2.222671603112799932e-01
2.253966194094023656e-01
2.233307421809117843e-01
2.250922508201413930e-01
2.264421393708472563e-01
2.297924821023776820e-01
2.355419259462742665e-01
2.364563089936308760e-01
2.402494595389689513e-01
2.436968359398899442e-01
2.481322524427887477e-01
2.556145016778068602e-01
2.612990890562676416e-01
2.696010169389276845e-01
2.768396791760475706e-01
2.741156330459865731e-01
2.720784500061843580e-01
2.734864540567128466e-01
2.715923607374330917e-01
2.719343966843107974e-01
2.738127152677256593e-01
2.825114384199450268e-01
2.932365259549557512e-01
2.974734813063542038e-01
3.052532905404026775e-01
2.996730629806642066e-01
2.934627447681446011e-01
2.887473936747596559e-01
2.791964836487104695e-01
2.758566864607558400e-01
2.682652231674538257e-01
2.674703894866973242e-01
2.658652197703713083e-01
2.647781448445581942e-01
2.695856426196055478e-01
2.630258036508039687e-01
2.608071552036040353e-01
2.611178326121679216e-01
2.609575465829804264e-01
2.607036843110422386e-01
2.560393524120402886e-01
2.562139868996862191e-01
2.567593830310139214e-01
2.586334179261415844e-01
2.579281636982620474e-01
2.578958918968088376e-01
2.586430534561089400e-01
2.596728917044718865e-01
2.606084907458294242e-01
2.570362313678349331e-01
2.574521642857717785e-01
2.554498152829667301e-01
2.522493569580557815e-01
2.470837859419624527e-01
2.441356113450135479e-01
2.422266218413698657e-01
2.368819522538379019e-01
2.321982455113144328e-01
2.266099499572017950e-01
