5.042060278105854609e-02
4.977402025866877605e-02
5.155562843542421669e-02
5.407378143104227264e-02
5.612627935133471246e-02
5.671835840183111349e-02
5.328296743874795516e-02
4.924193916915232255e-02
4.690858126364990527e-02
4.239530543824679421e-02
3.814358051183019960e-02
3.363122759547593210e-02
3.210472657039643851e-02
3.120140933209022277e-02
2.867272641362745428e-02
2.725151410547087261e-02
2.536324573358150758e-02
2.460638764013437646e-02
2.474886484184036367e-02
2.364722788059214764e-02
2.678679563660142648e-02
2.925591197211087693e-02
3.090021279294929632e-02
3.351502855084378257e-02
3.428617424471551434e-02
3.751607913284503437e-02
3.845718335555688150e-02
3.906120362692488968e-02
4.101268821694586258e-02
4.220636905281415635e-02
4.617469069881339344e-02
4.715493510922732362e-02
4.561179258291921113e-02
4.522251589663554838e-02
4.529871568322406394e-02
4.377257977165600195e-02
4.162251175181090612e-02
4.111074136864825701e-02
4.006618060132868114e-02
4.004404137636402572e-02
4.051411923348441357e-02
3.804187193497438058e-02
3.608370114425148850e-02
3.356271074763142459e-02
3.435794484943887478e-02
3.377851065510470430e-02
3.147408970141975237e-02
3.405857189906484617e-02
3.574571065106865730e-02
3.776860561463489530e-02
4.087165671934954447e-02
4.319775454362808492e-02
4.512887854855269359e-02
4.639647031939079375e-02
4.732217790498609300e-02
4.945421871762490512e-02
4.834912138450767061e-02
4.812678607976516448e-02
4.844304509494193334e-02
4.948862478007565874e-02
4.851432153317446205e-02
4.780061749773947127e-02
4.838751590711793532e-02
4.903148642901834775e-02
4.862454948418612477e-02
4.679922226672239560e-02
4.759937189500639682e-02
4.528179085723323810e-02
4.249004632143831700e-02
4.087431950967260197e-02
3.991930877449277604e-02
3.878922226942982387e-02
3.793848448490660941e-02
3.871848423282414631e-02
3.889537726671117579e-02
3.827628292582604952e-02
3.801749228537022046e-02
3.741578296141834237e-02
3.579940559197989508e-02
3.435765665069472757e-02
3.352368439069108169e-02
3.137182342927438000e-02
3.062613392544639296e-02
3.063549022223821527e-02
3.019470399576687503e-02
2.992345215124552621e-02
2.961507663782118188e-02
2.998917248643694078e-02
2.881495009484008607e-02
2.767307922871800607e-02
2.665279917368196597e-02
2.596257218975326492e-02
2.504601344043629746e-02
2.424230689517075168e-02
2.402935811072799341e-02
2.368612406339735618e-02
2.433214260190538422e-02
2.427145509432496184e-02
2.417196248723128479e-02
2.379981846706484550e-02
2.318697295272131517e-02
2.248523581033315399e-02
2.122587602305936808e-02
2.014990932311850128e-02
1.976261191937516565e-02
1.828221818882437566e-02
1.661959998517606799e-02
