1.476528346965630678e-01
1.474897050739225335e-01
1.510426982781553074e-01
1.518198786347896012e-01
1.474314578270859433e-01
1.414921751373429959e-01
1.399973238785680030e-01
1.366187769958411014e-01
1.296623245651561396e-01
1.232505639645898876e-01
1.237676247619779596e-01
1.248431543915500264e-01
1.195165121812005737e-01
1.205912056516461606e-01
1.199546300799643750e-01
1.202119496888209849e-01
1.195669785179565708e-01
1.176571829104719469e-01
1.170956929237055993e-01
1.163070109112527423e-01
1.180032721331032847e-01
1.164959189689041691e-01
1.190742273566279541e-01
1.192387998388173831e-01
1.179838843339005572e-01
1.196204490090820166e-01
1.198539892970462567e-01
1.204487962164202536e-01
1.155389882541361934e-01
1.141905853998220061e-01
1.145481997662651241e-01
1.126215912079429199e-01
1.088581412555515576e-01
1.075231631101599000e-01
1.061485677590102705e-01
1.050431920478088338e-01
1.195937510017334449e-01
1.171135505440834279e-01
1.185530564456071245e-01
1.209306102965934521e-01
1.220457140992249057e-01
1.286526230132608306e-01
1.211471075134389619e-01
1.212060439504624026e-01
1.183304763874795662e-01
1.212661696851463911e-01
1.192828689895879951e-01
1.149862394744072397e-01
1.080787542012573293e-01
1.068886887297401805e-01
1.097074975975228239e-01
1.051905927203422297e-01
1.058569068152777487e-01
1.097227319852623062e-01
1.094800461238514683e-01
1.147271876718411188e-01
1.132705985106007007e-01
1.136203491144939792e-01
1.191746786538882830e-01
1.177344649538007576e-01
1.217655742013384196e-01
1.222760386457155124e-01
1.282319576693667640e-01
1.332807223516270234e-01
1.302661639806174942e-01
1.332419659790851640e-01
1.358727065077638130e-01
1.372589309343804076e-01
1.393155670635967125e-01
1.412382817390134271e-01
1.456849838838215894e-01
1.465259990819413327e-01
1.465471247727174742e-01
1.476986761076727606e-01
1.472864068793329484e-01
1.469972330104190872e-01
1.493527521754650089e-01
1.490996222825787809e-01
1.506300542003603249e-01
1.532060325436404302e-01
1.544717475230162340e-01
1.566262291061266965e-01
1.564602451710858100e-01
1.574851993548979645e-01
1.575528682779644418e-01
1.553677127049906681e-01
1.557979368212735194e-01
1.549332987837835629e-01
1.554371189729230052e-01
1.552736976329486263e-01
1.551999147332450424e-01
1.563298025007031355e-01
1.564555343441165480e-01
1.572098665917761040e-01
1.567728146239817377e-01
1.572245814995508750e-01
1.556657327757335063e-01
1.557815619656668371e-01
1.546693407780771468e-01
1.532914871097767473e-01
1.514341944926722305e-01
1.502451367518294889e-01
1.517035810313236976e-01
1.511134752538450809e-01
1.501254769374350262e-01
1.499437823603967934e-01
1.497993198042953666e-01
