1.253819014410831045e-01
1.247068098134249126e-01
1.251054842639178766e-01
1.256874170031406501e-01
1.269819755136397388e-01
1.271689032785431328e-01
1.260857919096166624e-01
1.253380160952384248e-01
1.256737736065234867e-01
1.249151893332525048e-01
1.240528201248567997e-01
1.230311617584081418e-01
1.270883663545992193e-01
1.302606597023370505e-01
1.316896897777345421e-01
1.340660314843097334e-01
1.363376740549969157e-01
1.357786736882527490e-01
1.333085907923893809e-01
1.334917914160525243e-01
1.332259735313648941e-01
1.296584223117185908e-01
1.264249113222770116e-01
1.253016497704421139e-01
1.220160076860082321e-01
1.172439538993953478e-01
1.176308672949179235e-01
1.202547829877881058e-01
1.217436553676123911e-01
1.216547283694939807e-01
1.220551460861253323e-01
1.218297169863141460e-01
1.168943105766009766e-01
1.137799602135748100e-01
1.109405059526124004e-01
1.109706122505791093e-01
1.119598605948014663e-01
1.174624578904940320e-01
1.218492201090638632e-01
1.256769183045340077e-01
1.290529425969884902e-01
1.346642560005283373e-01
1.382335566324813525e-01
1.386005039873488276e-01
1.410509225488168206e-01
1.430761377236758336e-01
1.435278514212972589e-01
1.432334526569490896e-01
1.425018872547091919e-01
1.415484419785501269e-01
1.401665883807723667e-01
1.381074322406478372e-01
1.385259318847953114e-01
1.343744367242437621e-01
1.359654614660835703e-01
1.359382993803073258e-01
1.314112951597367629e-01
1.326076609517710669e-01
1.292644595985541212e-01
1.328474172444489565e-01
1.307844259972525403e-01
1.319428849473129883e-01
1.343387386745028278e-01
1.336917050973129295e-01
1.369709230733568428e-01
1.367833446733733305e-01
1.368289174135441932e-01
1.359481561547268014e-01
1.376790445325175027e-01
1.375399103966609970e-01
1.375293193798564628e-01
1.385478258534886820e-01
1.392593203245320599e-01
1.393965909453869778e-01
1.411213443734601336e-01
1.423089065266434639e-01
1.425267280328592623e-01
1.434873527625981915e-01
1.455384978120487782e-01
1.477179176846770414e-01
1.470995939681249975e-01
1.471331248709325523e-01
1.493518700896228346e-01
1.487816424732149867e-01
1.478883249497626173e-01
1.464757786902297354e-01
1.459507491475735830e-01
1.451342068932333085e-01
1.429247265531126687e-01
1.420982981790209765e-01
1.391101615850440787e-01
1.379915247030701342e-01
1.389422822340048436e-01
1.379356612906306179e-01
1.377178472252089669e-01
1.368590187825434179e-01
1.385085151253412916e-01
1.370741546593488569e-01
1.340258810992908667e-01
1.345601375404523459e-01
1.340606545968986707e-01
1.327981160591631682e-01
1.311315051461061365e-01
1.313098757828150553e-01
1.316955379750696931e-01
1.313393160922554370e-01
1.319548426817876707e-01
