2.855740570878816942e-01
3.023056883720521282e-01
3.094645492373730988e-01
3.102399664936904555e-01
3.064001919041559607e-01
2.973887894180396452e-01
2.956845203284234613e-01
2.757686911390581086e-01
2.664242494442290443e-01
2.611887399333948645e-01
2.545408317480210014e-01
2.544478937169706301e-01
2.566583288430365761e-01
2.703669626798458347e-01
2.678341498460538594e-01
2.800758257031459864e-01
2.880761567562920566e-01
2.936801548969207309e-01
3.012170265238683919e-01
2.985729050669201912e-01
3.115129988240998848e-01
2.933873206483820772e-01
2.897363248842070860e-01
2.941241412627441099e-01
2.860755791867958253e-01
2.818809014559836013e-01
2.769165606682281178e-01
2.841786768003797259e-01
2.871897128168290347e-01
2.844246449918929609e-01
2.820399038033813977e-01
2.809798461656220492e-01
2.774689455160316287e-01
2.846900453012326526e-01
2.877704854087527742e-01
2.861925317603004060e-01
2.884938275251991979e-01
2.949007243084932339e-01
3.042696090147605226e-01
2.995322676368941117e-01
2.892728936922324690e-01
2.881394164067719310e-01
2.930715182071371716e-01
2.946719987200711599e-01
2.867987016504260356e-01
2.900294563234377954e-01
2.967669612511987243e-01
2.972067319092162041e-01
2.965212548522313529e-01
2.896247346346652041e-01
2.891524806661089908e-01
2.860753850903609008e-01
2.863965280840383709e-01
2.872022227116707849e-01
2.860273984421690119e-01
2.900340228696675071e-01
2.893090260427933491e-01
2.932614295869687693e-01
2.958649683534436137e-01
2.985118497944027616e-01
3.058048224641019552e-01
3.091382294310256462e-01
3.079661052897335050e-01
3.150377028692533110e-01
3.194523113327049635e-01
3.256800185131077940e-01
3.263653761872838954e-01
3.305100295901085561e-01
3.443173238216382104e-01
3.475003848875266588e-01
3.602004276368214741e-01
3.669947463994793768e-01
3.693400857652633928e-01
3.640090831141692407e-01
3.614475325359831626e-01
3.679517419267499534e-01
3.675755891690338784e-01
3.674879717487486985e-01
3.944869205977279969e-01
4.248186385994246472e-01
4.257109360026106182e-01
4.071095093051718128e-01
3.867482899503943972e-01
3.713333450609607733e-01
3.411151814856334674e-01
3.123477682444352754e-01
3.088663089515211735e-01
3.117832402968374050e-01
3.191960793896202464e-01
3.224372537456312582e-01
3.197603086256388671e-01
3.172713484184541688e-01
3.256506199578964589e-01
3.408306248099985947e-01
3.558963736326009597e-01
3.732845265103485466e-01
3.876446739124554952e-01
3.998243220302490908e-01
4.021651585650172223e-01
4.068157231265596696e-01
4.076517087766013403e-01
4.091736621204732915e-01
4.134909332495476098e-01
4.190131997598242064e-01
4.019974618896084984e-01
3.925772079671094317e-01
3.794824000155305743e-01
