2.017806325045769233e-01
2.027916058418432477e-01
1.948020037305675800e-01
1.929897236284403017e-01
1.881805988925767115e-01
1.775846889170788756e-01
1.744516374708772743e-01
1.713600373339183303e-01
1.636763090994211856e-01
1.593488308208416693e-01
1.555701869719172403e-01
1.567918700641230401e-01
1.477460160163582559e-01
1.380637185282554691e-01
1.343217293270004831e-01
1.360350180663340292e-01
1.411011321806779073e-01
1.392142043603466772e-01
1.505068128752633516e-01
1.556648507623084321e-01
1.627866937538974823e-01
1.646972192823228931e-01
1.630009829064538174e-01
1.654806624110795044e-01
1.594086426581673155e-01
1.539535489928482437e-01
1.549730382434574560e-01
1.551325983481867121e-01
1.562708521575967291e-01
1.565381782742499284e-01
1.604132597866365639e-01
1.664011837500227742e-01
1.672162454875140702e-01
1.700098616119498363e-01
1.698756679489896171e-01
1.706175139271978169e-01
1.721086613077031924e-01
1.714950954414181938e-01
1.731363544379850572e-01
1.735650509927539054e-01
1.735751506512314690e-01
1.753215400017224257e-01
1.783819721910195610e-01
1.806040620017068388e-01
1.803879200761962509e-01
1.770934787672285016e-01
1.761539680978854439e-01
1.740407301776747406e-01
1.711023767460354561e-01
1.701896136656100844e-01
1.687047706484384735e-01
1.680332457398353574e-01
1.696723098980768563e-01
1.725230859022741647e-01
1.742175363141864608e-01
1.738061054316051846e-01
1.737105857317384205e-01
1.743703647159953740e-01
1.744274039190464587e-01
1.727816987344974464e-01
1.707813308473827840e-01
1.691602217436782574e-01
1.693586059589445303e-01
1.690453984808313326e-01
1.674377070559032732e-01
1.670814965415914344e-01
1.666031169458670746e-01
1.661800030940306372e-01
1.653488111428808582e-01
1.651716190866953093e-01
1.646363292222104979e-01
1.639471035091585593e-01
1.652077461331402097e-01
1.691421819449437647e-01
1.740878282234291086e-01
1.753686562501898250e-01
1.810390731522298624e-01
1.851829084284388471e-01
1.877885758554810602e-01
1.892900952180398277e-01
1.898525251792018975e-01
1.935876242600437225e-01
1.903468610305748543e-01
1.920730527522803710e-01
1.931681305703791540e-01
1.899942834236509615e-01
1.909430277014281252e-01
1.927043382469998400e-01
1.967576965995091465e-01
1.962375953967110398e-01
1.963685509464027645e-01
1.989957235177455819e-01
1.998005419779033676e-01
2.012341474143153064e-01
2.022269899112510427e-01
2.044672235833313034e-01
2.061308016679913591e-01
2.082828806434926239e-01
2.091030444754238826e-01
2.078849030102710993e-01
2.077542847132389792e-01
2.081342377588614734e-01
2.046031893792125966e-01
2.053027720379428656e-01
2.055834467801653243e-01
2.032426825323165043e-01
2.005192492265667759e-01
