9.410481211299612236e-02
9.866448421146087333e-02
1.059772517381761675e-01
1.071831625049405601e-01
1.136430447153767703e-01
1.182731851459142003e-01
1.189475861359791664e-01
1.198301793707236967e-01
1.196215337857458871e-01
1.191106297416809900e-01
1.193350016561531002e-01
1.182193965640654515e-01
1.191493373288229352e-01
1.206271265172602219e-01
1.212725562910395849e-01
1.211921817196323636e-01
1.180513554038099128e-01
1.202665510291461848e-01
1.195124543240458914e-01
1.175598461569887510e-01
1.158901282965596469e-01
1.152546991965294199e-01
1.178549659908267877e-01
1.200723477333476008e-01
1.203011503852166042e-01
1.231272663328294992e-01
1.231485649106844327e-01
1.245110607218165022e-01
1.243288821986586190e-01
1.304686398782208268e-01
1.312671474216839385e-01
1.324803011879986114e-01
1.368316983011381716e-01
1.391046580451630044e-01
1.445956619159561862e-01
1.397392895580343020e-01
1.425882509013731425e-01
1.441859014283164153e-01
1.428903493555388482e-01
1.438354213386221492e-01
1.385196138951311773e-01
1.371187108692266954e-01
1.373754035365139792e-01
1.370413256135613600e-01
1.395039319622717600e-01
1.411835201073535218e-01
1.519320745145505969e-01
1.485531090868983106e-01
1.465782147781138633e-01
1.436021538933583419e-01
1.414291542587483574e-01
1.389044658282185818e-01
1.334400203756286041e-01
1.359734351651998296e-01
1.363137039077615409e-01
1.366194625800488671e-01
1.385970594971246417e-01
1.404519795909887347e-01
1.384528168693093808e-01
1.416777613302543370e-01
1.456243533647009203e-01
1.499887509184046896e-01
1.526848450163013349e-01
1.547828749311248864e-01
1.583907101328050349e-01
1.606213753675283795e-01
1.633270029684565083e-01
1.663799378790213890e-01
1.673528311871592122e-01
1.719743783665374226e-01
1.719827686093364505e-01
1.727103404426656719e-01
1.720815284463960981e-01
1.730193650491043400e-01
1.754936722405400495e-01
1.751342099114511497e-01
1.783523936761372553e-01
1.797947951810297540e-01
1.818343093099721308e-01
1.815268397778752318e-01
1.804038451778241514e-01
1.797029299691679238e-01
1.787841001665160523e-01
1.798768968034651916e-01
1.812898578781696191e-01
1.835219263741027784e-01
1.862704170907842349e-01
1.885496287191776865e-01
1.883676835470111111e-01
1.888307767681167426e-01
1.875148812866915260e-01
1.866985645443625663e-01
1.867873182928079800e-01
1.870072974041789293e-01
1.892260986353637431e-01
1.913061613753819501e-01
1.930492174154044283e-01
1.933260632399119716e-01
1.967920683986339181e-01
1.992820939062927010e-01
2.023107338624208773e-01
2.038406367892623972e-01
2.057754597952923536e-01
2.040638163417640982e-01
1.965380162963653310e-01
1.934822210199949044e-01
1.906605273393996991e-01
